0  0.000000
1  1.000000
2  1.133883
3  1.608483
4  1.937252
5  2.217467
6  2.330117
7  2.523273
8  2.692693
9  2.912315
10  3.049309
11  3.173055
12  3.316698
13  3.420388
14  3.585148
15  3.684666
16  3.833748
17  3.908882
18  4.057188
19  4.146202
20  4.298472
21  4.372935
22  4.482541
23  4.542213
24  4.650339
25  4.739462
26  4.858422
27  4.958779
28  5.031230
29  5.124542
30  5.214795
31  5.304984
32  5.385649
33  5.480241
34  5.548769
35  5.642350
36  5.721058
37  5.778995
38  5.869159
39  5.935727
40  6.025805
41  6.105170
42  6.167690
43  6.243329
44  6.325604
45  6.388930
46  6.455183
47  6.527010
48  6.608302
49  6.667608
50  6.735201
51  6.806515
52  6.863249
53  6.932528
54  6.993495
55  7.066926
56  7.126102
57  7.190977
58  7.247468
59  7.316900
60  7.363852
61  7.440930
62  7.499206
63  7.559884
64  7.624874
65  7.681561
66  7.730315
67  7.791722
68  7.857658
69  7.907304
70  7.963568
71  8.029604
72  8.076519
73  8.140775
74  8.193379
75  8.250683
76  8.303398
77  8.347340
78  8.409151
79  8.459405
80  8.514544
81  8.565499
82  8.621776
83  8.670367
84  8.724768
85  8.777907
86  8.826244
87  8.881334
88  8.926873
89  8.985879
90  9.025968
91  9.082943
92  9.128276
93  9.180690
94  9.223405
95  9.272238
96  9.329391
97  9.377681
98  9.418869
99  9.476943
100  9.521249
101  9.569088
102  9.614869
103  9.659143
104  9.701829
105  9.754343
106  9.797456
107  9.842170
108  9.896247
109  9.937968
110  9.978764
111  10.024369
112  10.072485
113  10.117074
114  10.161496
115  10.206934
116  10.250196
117  10.298730
118  10.345913
119  10.381346
120  10.427310
121  10.465334
122  10.512579
123  10.553467
124  10.597068
125  10.644998
126  10.684733
127  10.726958
128  10.767695
129  10.809637
130  10.851320
131  10.891717
132  10.936092
133  10.979465
134  11.014845
135  11.057396
136  11.097730
137  11.139449
138  11.177325
139  11.219933
140  11.261438
141  11.300888
142  11.342690
143  11.382175
144  11.423191
145  11.459662
146  11.497620
147  11.542063
148  11.578524
149  11.619286
150  11.658411
151  11.700275
152  11.734495
153  11.772963
154  11.811134
155  11.849090
156  11.887150
157  11.927922
158  11.960328
159  12.003591
160  12.037324
161  12.077503
162  12.112173
163  12.151293
164  12.189337
165  12.224189
166  12.262982
167  12.294046
168  12.335950
169  12.372932
170  12.409039
171  12.447143
172  12.482078
173  12.517553
174  12.552026
175  12.586854
176  12.625306
177  12.661040
178  12.696870
179  12.731658
180  12.769096
181  12.803750
182  12.839003
183  12.874452
184  12.908846
185  12.945627
186  12.980272
187  13.013948
188  13.050581
189  13.084879
190  13.118532
191  13.152185
192  13.188129
193  13.220941
194  13.256148
195  13.289661
196  13.327733
197  13.356285
198  13.391075
199  13.427569
200  13.459375
201  13.494616
202  13.524441
203  13.561688
204  13.592114
205  13.625373
206  13.660896
207  13.693108
208  13.725638
209  13.760181
210  13.791002
211  13.823755
212  13.857163
213  13.889275
214  13.923340
215  13.955873
216  13.984854
217  14.017163
218  14.051409
219  14.082796
220  14.117839
221  14.147802
222  14.178611
223  14.211150
224  14.241650
225  14.275392
226  14.306300
227  14.336855
228  14.371451
229  14.402100
230  14.433776
231  14.466245
232  14.496259
233  14.524372
234  14.555875
235  14.589209
236  14.619920
237  14.650412
238  14.681873
239  14.712881
240  14.742031
241  14.772394
242  14.802747
243  14.836901
244  14.865433
245  14.897015
246  14.927551
247  14.956056
248  14.985541
249  15.016179
250  15.050006
