0  0.000000
1  1.000000
2  1.560660
3  1.412023
4  1.617557
5  2.132430
6  2.339468
7  2.441252
8  2.644074
9  2.728904
10  2.661991
11  3.199437
12  3.146587
13  3.306650
14  3.382366
15  3.488667
16  3.506160
17  3.724233
18  3.834410
19  3.797339
20  3.888179
21  4.057164
22  4.073826
23  4.237317
24  4.469584
25  4.601707
26  4.497939
27  4.763662
28  4.775806
29  4.929991
30  4.887363
31  4.972995
32  4.915025
33  5.098063
34  5.284425
35  5.375547
36  5.361029
37  5.420493
38  5.448536
39  5.454633
40  5.481650
41  5.723653
42  5.701819
43  5.794951
44  5.797512
45  5.850636
46  6.029553
47  6.206799
48  6.238479
49  6.264190
50  6.332918
51  6.315379
52  6.383550
53  6.469867
54  6.440673
55  6.481686
56  6.615708
57  6.650733
58  6.731473
59  6.814006
60  6.856705
61  6.904012
62  7.058906
63  7.066991
64  7.087045
65  7.225998
66  7.180820
67  7.288563
68  7.303847
69  7.407303
70  7.316720
71  7.509048
72  7.565616
73  7.570677
74  7.620465
75  7.730272
76  7.756579
77  7.704018
78  7.863072
79  7.841733
80  7.916150
81  7.939468
82  8.089099
83  8.037125
84  8.141590
85  8.220686
86  8.278115
87  8.301518
88  8.346709
89  8.288492
90  8.361220
91  8.378763
92  8.437573
93  8.539689
94  8.572792
95  8.627991
96  8.668412
97  8.745603
98  8.804636
99  8.793177
100  8.833586
101  8.945129
102  8.950443
103  8.987625
104  9.027279
105  9.023083
106  9.164099
107  9.172608
108  9.228349
109  9.243976
110  9.319156
111  9.282298
112  9.349744
113  9.450279
114  9.489900
115  9.526151
116  9.588834
117  9.652979
118  9.600291
119  9.701540
120  9.701118
121  9.781336
122  9.813273
123  9.822111
124  9.871789
125  9.930138
126  10.014582
127  10.014026
128  10.069025
129  10.129507
130  10.064647
131  10.193252
132  10.215324
133  10.179720
134  10.209358
135  10.243602
136  10.369032
137  10.374593
138  10.426278
139  10.540392
140  10.478925
141  10.494492
142  10.581490
143  10.589916
144  10.602307
145  10.684085
146  10.772328
147  10.729506
148  10.760531
149  10.841076
150  10.861313
151  10.870469
152  10.962431
153  10.967812
154  11.020059
155  11.013483
156  11.061905
157  11.118541
158  11.089731
159  11.233202
160  11.176535
161  11.238896
162  11.299486
163  11.354661
164  11.333882
165  11.392793
166  11.369184
167  11.497913
168  11.421151
169  11.592024
170  11.494209
171  11.599270
172  11.656828
173  11.680287
174  11.679470
175  11.702261
176  11.781149
177  11.809524
178  11.818127
179  11.925929
180  11.852915
181  11.897360
182  12.009672
183  11.970289
184  12.051277
185  12.115963
186  12.109259
187  12.110758
188  12.151659
189  12.190171
190  12.248252
191  12.266082
192  12.257444
193  12.277735
194  12.335731
195  12.361472
196  12.455951
197  12.447259
198  12.486107
199  12.536583
200  12.549337
201  12.515824
202  12.644510
203  12.582017
204  12.666319
205  12.698113
206  12.766911
207  12.783489
208  12.754696
209  12.793045
210  12.873657
211  12.883614
212  12.885456
213  12.933383
214  12.985572
215  12.980892
216  13.070410
217  13.076209
218  13.091977
219  13.094979
220  13.132128
221  13.240014
222  13.171232
223  13.222943
224  13.290752
225  13.334757
226  13.348896
227  13.283987
228  13.441450
229  13.446740
230  13.475527
231  13.463823
232  13.435048
233  13.513601
234  13.532060
235  13.563512
236  13.536002
237  13.662316
238  13.691600
239  13.696083
240  13.749222
241  13.749763
242  13.742049
243  13.868885
244  13.788809
245  13.901611
246  13.931532
247  13.932680
248  14.020590
249  14.038362
250  13.994141
251  13.973041
252  14.023127
253  14.085004
254  14.126381
255  14.167590
256  14.143220
257  14.209982
258  14.206349
259  14.224883
260  14.294398
261  14.306151
262  14.347878
263  14.335878
264  14.356034
265  14.429479
266  14.482551
267  14.495429
268  14.510713
269  14.576810
270  14.551139
271  14.573050
272  14.633849
273  14.647399
274  14.718935
275  14.711011
276  14.740895
277  14.761398
278  14.766568
279  14.867778
280  14.871615
281  14.863863
282  14.881391
283  14.983196
284  14.949675
285  14.977103
286  14.916808
287  15.035577
288  15.115607
289  15.133835
290  15.080213
291  15.098954
292  15.167885
293  15.176230
294  15.228148
295  15.252048
296  15.225088
297  15.207937
298  15.246027
299  15.270473
300  15.394939
301  15.364742
302  15.428880
303  15.428663
304  15.468436
305  15.508394
306  15.530515
307  15.488706
308  15.622975
309  15.621018
310  15.590159
311  15.658536
312  15.635030
313  15.731684
314  15.733388
315  15.741796
316  15.781601
317  15.779669
318  15.847238
319  15.851144
320  15.826419
321  15.863022
322  15.908925
323  15.908712
324  15.934792
325  16.029316
326  16.008124
327  16.041682
328  16.020508
329  16.115568
330  16.127511
331  16.168318
332  16.167292
333  16.178243
334  16.214622
335  16.213462
336  16.246853
337  16.248819
338  16.306383
339  16.300859
340  16.386543
341  16.335414
342  16.371795
343  16.356181
344  16.425020
345  16.446030
346  16.502883
347  16.497902
348  16.595344
349  16.542553
350  16.571492
351  16.614644
352  16.628488
353  16.664515
354  16.669190
355  16.704190
356  16.727713
357  16.710306
358  16.780344
359  16.784659
360  16.867301
361  16.797443
362  16.855103
363  16.883855
364  16.908482
365  16.877547
366  16.946962
367  16.964159
368  17.015219
369  17.035274
370  17.060152
371  17.031950
372  17.110412
373  17.147939
374  17.152377
375  17.165908
376  17.198198
377  17.189000
378  17.162782
379  17.230280
380  17.282716
381  17.286079
382  17.368539
383  17.378478
384  17.354252
385  17.425442
386  17.435538
387  17.436228
388  17.456740
389  17.500748
390  17.530133
391  17.529135
392  17.577900
393  17.575467
394  17.612889
395  17.600753
396  17.645670
397  17.700458
398  17.702731
399  17.701820
400  17.753970
401  17.740088
402  17.770640
403  17.832064
404  17.812179
405  17.829782
406  17.885633
407  17.921256
408  17.897192
409  17.912487
410  17.951809
411  17.984488
412  17.973608
413  18.015097
414  18.075461
415  18.089391
416  18.090135
417  18.127371
418  18.121080
419  18.150768
420  18.134632
421  18.205131
422  18.204454
423  18.264834
424  18.251794
425  18.314812
426  18.303949
427  18.277751
428  18.334027
429  18.361738
430  18.368652
431  18.411627
432  18.399716
433  18.430867
434  18.421522
435  18.522429
436  18.519995
437  18.528181
438  18.541988
439  18.556772
440  18.639649
441  18.627337
442  18.632711
443  18.656551
444  18.665146
445  18.666045
446  18.724774
447  18.762543
448  18.741386
449  18.795923
450  18.793671
451  18.842906
452  18.864213
453  18.853802
454  18.907381
455  18.911877
456  18.933203
457  18.960783
458  18.976747
459  18.994804
460  19.021570
461  19.041844
462  19.076929
463  19.103164
464  19.078045
465  19.090039
466  19.124153
467  19.136060
468  19.176331
469  19.151555
470  19.226350
471  19.228683
472  19.268783
473  19.260744
474  19.285530
475  19.283041
476  19.336009
477  19.365685
478  19.329717
479  19.429224
480  19.432499
481  19.427422
482  19.500642
483  19.494909
484  19.523895
485  19.478213
486  19.539367
487  19.595523
488  19.563738
489  19.592829
490  19.624475
491  19.620843
492  19.611281
493  19.688250
494  19.731840
495  19.727025
496  19.747092
497  19.785320
498  19.756709
499  19.804752
500  19.822518
